#include <stdio.h>
#include <stdlib.h>
#include <time.h>

void swap(int *a, int *b)
{
    int t = *a;
    *a = *b;
    *b = t;
}

int partition(int arr[], int low, int high)
{
    int pivot = arr[low];
    int i = low - 1, j = high + 1;

    while (1)
    {

        do
        {
            i++;
        } while (arr[i] < pivot);

        do
        {
            j--;
        } while (arr[j] > pivot);

        if (i >= j)
            return j;

        swap(&arr[i], &arr[j]);
    }
}

int partition_r(int arr[], int low, int high)
{
    srand(time(0));
    int random = low + rand() % (high - low);

    swap(&arr[random], &arr[low]);

    return partition(arr, low, high);
}

void quickSort(int arr[], int low, int high)
{
    if (low < high)
    {
        int pi = partition_r(arr, low, high);

        quickSort(arr, low, pi);
        quickSort(arr, pi + 1, high);
    }
}

void printArr(int arr[], int n)
{
    for (int i = 0; i < n; i++)
    {
        printf("%d ", arr[i]);
    }
    printf("\n");
}

int main()
{
    clock_t t;
    int arr[10000];
    int arrSize = sizeof arr / sizeof arr[0];

    for (int i = 0; i < arrSize; i++)
    {
        arr[i] = (rand() % 1000) + 1;
    }

    printf("\n---------Unsorted Array---------\n");
    printArr(arr, arrSize);

    t = clock();
    quickSort(arr, 0, arrSize - 1);
    t = clock() - t;
    double timeTaken = ((double)(t)) / CLOCKS_PER_SEC;

    printf("\n---------Sorted Array---------\n");
    printArr(arr, arrSize);

    printf("\n%d element quicksort takes %fs", arrSize, timeTaken);

    return 0;
}


Output :-

5 369 442 873 669 975 177 138 634 242 746 19 16 975 253 847 957 525 967 582 145 241 335 297 877 28 206 19 292 642 466 192 472 260 701 218 17 944 625 65 506 158 503 667 276 47 633 790 47 146 4 153 902 327 154 185 650 351 406 347 26 971 337 796 794 324 533 857 897 211 777 693 551 291 796 853 351 316 37 362 761 985 730 535 51 83 807 937 585 791 618 183 67 117 389 426 102 611 451 983 622 194 39 755 594 896 281 639 168 421 346 884 866 697 834 391 633 190 840 184 818 130 754 680 614 601 253 146 862 152 319 964 814 908 555 477 618 212 430 265 967 532 943 699 523 156 588 258 159 465 763 511 947 66 381 166 947 541 298 43 465 195 585 271 716 201 207 107 303 697 834 612 68 416 646 176 355 449 920 80 989 322 593 598 198 510 653 72 659 123 860 998 1000 900 121 321 37 985 913 916 954 486 742 200 568 209 845 170 682 880 109 208 260 707 850 76 27 125 608 775 885 129 547 146 482 715 150 169 339 308 794 505 106 698 218 956 642 344 134 98 680 737 556 634 955 931 253 905 280 489 871 755 73 177 702 416 87 232 481 976 261 515 939 658 991 439 982 448 243 619 71 632 62 220 782 991 834 673 564 303 503 929 722 899 448 946 407 223 687 795 578 845 684 548 241 486 465 724 338 654 169 131 256 467 859 513 657 319 202 143 277 507 703 685 24 271 313 251 476 312 851 196 489 521 102 184 799 893 849 785 246 188 463 344 259 860 872 17 173 833 442 684 89 16 977 517 299 40 284 206 998 147 770 676 918 388 21 31 443 736 390 374 481 74 778 787 382 786 523 346 980 86 714 936 736 884 187 97 649 86 753 522 261 983 637 689 920 237 793 66 279 199 497 387 12 977 548 122 203 246 703 565 540 573 258 371 921 655 360 81 299 392 961 511 592 868 34 676 137 500 776 791 377 257 273 704 87 968 516 543 496 567 457 187 438 199 627 365 86 666 909 341 361 815 155 13 753 339 707 526 631 250 180 80 314 839 518 422 146 992 970 840 309 566 763 474 682 971 148 54 709 509 716 430 67 690 664 772 542 260 632 573 515 967 989 171 169 200 656 851 445 937 279 407 428 314 524 372 328 74 462 174 935 103 588 418 464 154 127 596 496 214 407 371 860 306 497 834 224 853 880 520 127 794 586 466 372 445 108 272 88 100 520 597 716 553 493 754 258 591 960 358 887 810 866 687 20 260 314 436 29 102 469 870 457 732 579 75 396 844 275 317 25 512 586 723 972 58 96 175 39 184 659 296 723 984 232 504 233 301 591 481 409 506 703 859 819 558 562 121 29 657 714 333 93 183 468 321 359 75 988 95 984 365 265 715 747 391 426 256 164 468 793 232 620 881 719 129 949 721 80 92 767 588 809 127 826 160 519 221 36 315 457 148 157 135 361 752 209 479 295 590 525 977 695 91 190 373 420 302 703 845 524 540 610 828 638 187 417 828 170 624 900 515 416 645 437 670 379 677 859 953 847 138 916 989 617 289 383 75 334 916 57 657 63 617 525 130 443 985 873 50 397 27 583 203 776 417 666 553 760 756 418 845 555 444 825 1000 423 122 734 414 918 794 874 61 176 75 986 502 623 209 396 27 721 292 989 930 73 978 194 9 255 923 877 138 817 804 91 913 290 254 980 300 323 903 603 370 655 730 735 439 275 227 464 135 973 349 454 504 308 519 334 438 696 180 662 145 660 962 908 577 473 646 593 973 629 197 812 536 836 230 717 533 957 159 750 621 297 725 121 527 407 984 446 575 692 589 539 665 105 878 354 943 5 624 853 626 612 843 725 150 136 591 147 329 856 805 742 910 382 780 103 84 693 533 313 100 162 48 406 291 570 960 629 140 229 581 472 779 441 457 149 445 746 126 211 699 617 181 816 65 227 473 480 594 483 6 537 334 106 588 733 639 166 65 519 400 33 509 897 439 979 639 246 60 170 745 363 770 50 519 468 559 144 62 604 191 187 227 604 5 301 769 424 348 397 567 231 666 153 1 618 174 787 669 598 580 225 729 261 159 426 268 313 735 453 170 563 571 212 236 891 712 65 751 961 546 768 755 788 218 566 943 89 274 816 580 838 389 270 887 831 810 641 322 320 882 627 21 412 455 894 985 358 1000 337 830 951 458 406 366 335 50 95 593 271 120 18 314 254 118 978 161 506 154 592 563 577 855 73 135 17 51 194 946 853 748 522 62 345 260 367 886 440 719 108 269 555 51 433 800 21 736 99 793 917 183 30 317 60 759 584 400 136 358 71 272 343 781 878 407 296 687 404 253 719 36 286 429 679 961 102 950 365 386 627 158 738 842 939 594 97 34 494 769 874 936 110 97 382 562 740 585 924 500 732 850 443 607 851 288 41 770 224 589 468 84 401 159 607 939 464 921 367 759 686 24 230 299 357 471 176 197 684 989 620 947 191 276 470 520 342 198 546 655 159 59 795 792 342 838 901 233 676 737 439 959 581 86 14 285 254 728 286 427 671 537 282 371 550 349 78 200 836 574 138 352 732 618 234 572 377 530 732 45 343 468 1 529 917 635 1000 758 241 582 624 942 132 750 540 300 576 100 364 246 727 202 425 84 390 736 25 896 746 171 484 718 393 753 325 774 741 256 469 71 844 31 757 766 115 981 459 359 125 9 312 668 718 929 591 100 581 871 991 413 1 65 276 85 683 912 107 869 645 827 437 367 593 989 839 866 213 948 447 660 53 772 257 111 58 667 251 671 146 926 149 875 775 44 430 537 764 17 859 935 302 62 656 816 175 583 140 83 25 901 576 338 377 301 425 865 538 696 526 630 852 789 795 745 707 76 72 491 885 820 980 196 159 808 846 375 439 157 821 433 767 223 958 554 272 956 390 626 30 129 40 528 395 491 649 55 518 193 531 619 149 57 991 283 744 4403302 494 928 270 394 34 432 593 136 27 843 81 617 962 718 908 921 246 167 122 783 783 7 492 871 616 196 144 764 772 593 936 218 413 882 468 722 953 323 829 231 430 425 700 154 152 795 42 265 384 721 145 389 78 214 203 659 203 754 250 59 576 91 639 824 396 702 206 559 124 288 42 27 531 210 821 936 44 532 675 903 101 72 776 10 431 795 623 737 891 16 453 755 783 934 189 856 961 946 924 543 660 488 944 348 585 390 669 789 199 281 480 708 814 861 448 847 272 183 345 143 449 637 354 550 889 824 826 252 191 640 47 363 776 625 79 986 104 782 378 351 49 171 495 217 730 727 39 916 673 353 863 422 668 129 466 330 260 83 390 987 420 736 141 667 633 486 823 4 162 897 142 151 433 873 362 771 314 166 646 121 811 129 971 622 597 5 515 800 211 270 553 236 472 345 831 383 262 396 152 667 84 711 759 373 296 907 15 453 285 906 813 22 342 576 291 526 612 168 983 784 388 794 51 680 269 275 885 630 336 461 106 512 993 825 551 17 61 802 760 310 924 68 301 226 257 141 49 656 808 450 492 761 383 837 220 271 680 726 520 810 702 632 325 808 726 302 284 970 489 165 964 125 535 771 852 998 725 512 68 266 841 380 956 29 662 433 228 161 140 667 238 49 849 405 49 566 222 134 176 242 515 148 363 955 677 455 659 722 785 689 467 117 857 181 430 538 630 390 844 5 102 385 921 988 137 53 583 529 367 473 194 959 180 984 988 824 398 97 595 902 654 521 504 473 21 933 954 825 34 58 666 733 281 168 967 691 869 927 829 480 145 704 450 834 4 911 241 28 611 528 283 394 188 864 962 566 600 252 319 82 559 104 359 239 179 465 458 573 222 923 757 868 261 299 344 235 842 20 353 63 412 812 794 406 882 652 761 899 272 843 695 85 536 501 956 156 324 651 689 940 11 18 933 949 211 496 420 649 190 172 852 696 224 638 650 801 408 135 885 178 813 642 305 497 163 538 552 852 733 566 939 446 229 195 527 179 746 929 206 150 258 313 402 200 728 693 354 796 543 568 150 377 256 743 749 104 816 48 74 966 750 138 170 332 971 54 769 53 179 157 982 696 587 930 732 279 860 753 90 959 239 55 973 209 657 172 148 504 512 175 820 108 206 600 789 262 46 436 493 733 77 668 404 368 900 55 168 213 115 130 794 978 855 13 832 890 327 648 300 490 675 837 613 388 958 504 492 483 830 28 362 953 497 647 184 598 555 33 103 946 477 225 82 196 624 633 344 603 370 283 990 438 600 36 180 655 653 400 351 133 946 294 872 650 591 205 178 706 320 751 529 229 723 669 786 775 185 652 885 38 916 190 682 75 760 851 547 261 428 234 422 162 819 547 351 264 462 847 459 595 372 946 503 247 421 255 954 761 587 420 736 617 114 336 593 19 266 371 337 526 747 645 513 483 816 106 727 202 774 307 81 594 991 592 215 224 858 701 850 323 286 763 703 269 375 153 849 236 639 763 238 273 793 201 344 520 482 371 992 146 985 715 86 80 400 283 387 120 651 194 186 517 609 889 500 426 897 770 332 815 503 971 538 599 78 399 852 889 464 54 506 742 268 663 656 82 696 619 873 95 671 539 122 446 524 244 366 719 136 938 600 500 193 555 125 32 67 430 723 557 819 876 693 911 362 133 729 523 150 278 827 349 279 778 339 176 945 126 140 822 341 641 967 82 149 548 952 908 552 111 558 78 10 404 577 541 24 575 455 370 907 486 1000 49 931 574 659 817 885 374 32 605 784 792 423 11 988 365 569 995 580 24 710 658 142 286 478 24 273 829 436 550 518 10 744 868 266 591 892 370 539 605 777 213 992 694 410 621 198 663 129 101 760 843 441 90 495 643 621 487 147 965 487 272 944 467 475 446 789 350 828 955 505 282 247 758 286 115 351 833 674 944 313 233 884 240 769 590 684 210 988 796 246 913 640 936 249 480 208 231 955 602 941 44 719 413 378 624 473 984 886 687 721 258 703 440 607 277 925 653 38 36 700 317 891 368 607 222 976 521 793 566 548 259 685 532 830 783 706 163 690 924 871 343 283 197 181 970 73 716 52 737 756 175 478 155 730 883 852 770 238 302 677 605 74 162 198 596 126 486 63 230 561 719 74 80 710 663 225 575 683 476 816 344 447 533 569 685 362 473 287 267 90 152 605 234 595 77 599 605 534 469 185 418 965 617 15 67 997 874 149 511 397 942 792 867 590 21 356 949 252 82 272 826 229 174 455 310 431 239 992 740 854 449 568 55 878 491 198 57 774 590 863 537 430 889 540 586 842 168 521 561 48 582 383 607 990 785 404 961 463 733 393 844 64 924 612 741 693 444 271 920 850 113 577 846 487 557 604 365 499 509 879 339 724 6 412 194 118 944 228 515 291 417 802 340 545 237 13 275 434 741 402 184 136 829 634 438 135 578 672 723 264 660 541 369 283 849 367 291 228 459 72 107 306 2 435 771 556 508 300 731 76 804 440 195 489 665 674 49 359 281 488 765 714 14 453 171 979 767 705 417 650 378 838 538 460 433 956 106 527 938 367 915 156 291 447 183 636 94 937 847 239 457 404 715 600 42 926 75 325 345 864 750 277 598 335 648 427 44 245 593 762 270 176 140 697 482 472 269 714 667 31 807 110 291 60 685 547 760 104 607 392 94 197 584 951 558 436 13 668 870 166 904 974 792 517 150 516 119 244 389 498 712 92 875 564 126 8 371 122 728 659 337 276 222 577 800 920 242 612 713 210 636 264 831 515 337 784 33 989 340 706 671 941 869 392 729 986 538 321 125 998 355 704 495 563 866 555 701 303 715 630 795 27 464 529 749 680 352 200 4 443 281 17 291 99 859 731 554 552 263 445 650 486 56 573 890 859 553 130 641 861 47 628 45 423 937 474 155 334 757 52 392 535 932 323 80 203 177 581 270 389 430 886 3 611 328 275 761 100 43 56 394 66 929 573 285 727 799 524 202 588 89 998 653 176 751 679 456 894 631 407 532 490 166 522 128 965 441 114 390 711 489 764 321 189 822 265 4 755 723 317 855 587 426 525 819 303 121 660 489 683 342 575 501 567 223 755 553 851 517 227 487 603 738 902 902 750 968 103 266 882 844 711 509 490 859 185 122 107 587 988 372 491 973 519 74 354 282 663 997 214 452 116 805 786 334 565 505 838 454 785 334 973 922 545 371 258 89 130 298 341 924 902 344 877 732 501 649 614 254 312 694 333 452 815 600 217 213 835 850 253 913 142 210 451 181 570 536 563 366 112 818 12 764 322 607 346 444 851 594 665 443 445 834 737 503 26 560 954 8 7 544 130 752 71 396 229 542 60 221 716 945 179 659 385 739 384 639 738 636 31 783 316 81 22 426 753 205 447 413 5 46 826 245 550 995 530 133 10 317 430 762 134 931 747 533 284 874 440 881 836 988 571 590 630 561 522 598 190 164 445 622 706 816 714 335 1000 138 616 165 59 512 384 847 944 738 832 656 252 352 291 53 296 421 62 361 768 274 35 134 192 302 379 388 880 501 616 710 73 62 953 971 824 65 538 51 611 792 979 444 162 822 719 299 184 934 696 710 73 469 704 865 846 850 51 647 143 445 156 460 769 886 302 769 848 607 188 536 310 365 634 352 141 626 725 347 201 839 32 222 218 625 585 816 345 353 20 71 368 920 175 488 31 346 717 45 700 163 686 116 322 503 542 805 574 734 453 812 230 225 160 984 666 846 951 827 592 898 214 372 987 663 191 585 907 419 623 720 667 219 992 960 567 104 280 499 868 346 104 431 21 26 535 822 834 236 288 394 828 349 625 693 919 801 245 432 87 696 509 754 598 193 122 820 908 72 23 562 992 53 252 524 966 957 981 62 466 524 301 829 236 954 613 683 877 158 290 293 200 777 462 843 132 661 701 639 81 621 546 930 169 142 763 835 634 271 83 1 561 365 142 100 337 666 834 30 828 255 29 320 985 111 169 418 398 126 407 411 464 49 691 970 345 600 644 156 465 538 559 207 912 415 948 294 130 588 81 86 765 235 77 16 119 385 848 649 548 556 833 782 838 428 897 860 325 800 654 702 842 405 730 216 566 651 533 84 720 297 440 779 239 242 804 7 621 671 850 206 525 79 788 985 630 140 899 974 639 816 3 42 486 64 212 67 828 584 931 566 83 983 832 236 291 813 257 803 449 514 127 498 65 216 294 908 438 419 339 425 71 184 346 329 60 484 222 538 561 350 924 884 906 848 314 787 985 410 235 501 971 840 158 669 857 486 593 23 734 736 384 828 500 62 91 136 101 480 574 907 886 246 210 837 982 940 700 102 408 196 220 85 428 356 561 134 453 801 604 689 399 876 570 305 991 844 558 858 320 876 150 191 947 799 468 347 510 81 480 982 208 720 139 426 700 771 15 511 356 233 766 619 721 238 265 710 704 545 51 542 302 345 428 142 911 697 825 684 99 641 132 571 755 536 904 446 610 415 33 918 631 319 433 414 91 462 133 636 518 646 322 819 806 334 722 247 971 789 395 9 228 836 578 676 206 51 643 255 319 391 725 980 366 755 172 23 845 268 510 411 873 553 875 978 698 371 942 268 342 618 969 66 322 656 728 915 284 138 933 550 163 883 36 593 136 931 535 521 729 689 725 635 234 604 126 123 783 761 66 931 265 424 323 487 909 639 632 566 427 363 564 379 420 852 742 316 77 169 522 99 588 532 240 340 553 831 475 782 743 119 901 701 235 607 681 791 924 400 169 486 635 456 545 445 709 801 220 519 350 948 581 300 449 685 120 133 341 889 771 298 434 141 623 546 541 728 251 83 248 100 51 731 397 305 332 806 52 83 140 768 371 677 144 557 974 117 958 287 367 434 844 673 815 299 472 938 262 810 921 587 328 442 54 324 529 492 598 100 882 824 311 672 579 994 91 654 235 267 248 114 423 746 975 489 23 378 520 84 967 806 795 647 325 442 90 99 798 67 461 392 574 466 606 807 439 397 519 263 945 727 16 894 324 570 125 219 370 473 671 162 16 826 730 495 38 196 831 550 301 702 795 562 304 993 960 949 207 614 970 640 456 562 652 411 678 577 540 223 503 225 197 850 24 913 724 715 372 809 621 982 157 299 150 146 498 467 444 449 393 532 205 696 295 451 150 952 582 599 846 676 246 585 434 101 400 568 298 10 942 232 100 899 975 388 760 263 146 730 660 325 768 967 969 928 95 850 797 543 924 397 418 412 369 49 782 834 575 689 885 669 469 426 205 845 922 961 912 923 952 701 343 631 426 431 452 721 199 528 481 406 383 426 615 613 205 193 10 939 6 867 667 172 81 965 542 27 887 936 734 252 725 77 293 160 952 597 528 808 288 28 921 806 128 838 711 584 804 138 484 342 636 622 278 279 81 435 712 230 854 931 409 731 449 633 142 671 417 64 819 816 985 510 975 742 886 409 961 749 86 779 102 172 506 402 797 173 110 732 988 671 526 185 803 728 747 689 353 198 990 896 399 952 19 374 258 720 874 916 69 884 611 860 126 597 840 584 519 160 519 62 168 604 167 939 227 194 883 877 761 739 558 781 555 79 62 869 522 674 99 758 259 420 346 902 190 217 957 240 726 126 533 179 422 717 763 288 209 739 531 606 491 800 570 408 254 414 657 786 584 349 594 800 363 607 667 736 220 672 665 600 609 848 15 915 213 508 623 328 493 321 1000 899 272 387 193 553 218 525 989 694 90 689 415 297 269 347 359 738 746 569 798 826 648 222 238 644 908 671 550 547 40 253 13 21 432 477 692 526 846 100 417 775 57 678 873 737 9 897 310 133 359 789 745 5 931 728 650 520 869 175 902 362 256 967 928 314 363 781 819 729 290 714 942 224 797 732 841 232 136 633 583 383 251 645 853 458 602 269 34 774 895 420 527 884 534 783 513 437 826 53 813 25 846 297 203 774 759 306 678 359 112 282 651 571 981 254 328 360 717 798 119 719 778 382 66 153 714 372 177 587 875 243 242 510 98 663 249 243 149 593 537 621 618 230 625 782 639 707 562 351 548 459 40 906 982 469 415 602 317 295 968 46 168 40 164 601 775 445 1000 526 81 218 825 450 87 675 258 186 216 59 276 231 583 212 38 271 963 592 29 662 613 697 877 101 959 172 192 249 123 699 551 759 729 146 743 439 861 474 478 494 696 405 214 33 526 905 296 222 849 169 85 621 92 839 233 120 338 567 433 263 535 832 638 695 103 12 515 643 270 835 548 731 504 42 607 412 298 738 103 16 64 118 318 1000 152 644 539 783 455 888 13 913 923 838 175 92 809 719 852 278 624 853 212 231 590 2 16 488 729 30 922 988 864 328 489 478 715 847 476 83 832 840 620 170 648 363 407 561 753 906 562 721 381 442 551 340 739 125 952 6 941 990 626 483 105 654 381 431 612 607 59 788 52 328 431 623 748 408 297 715 206 950 407 811 516 936 589 786 335 914 24 477 964 178 727 923 708 530 267 628 426 901 249 976 531 758 414 97 17 93 906 252 808 731 704 548 453 256 685 536 595 147 791 37 48 506 608 279 959 282 747 300 423 593 414 809 53 42 792 577 925 658 709 947 959 633 264 628 832 442 680 638 101 638 910 751 655 541 598 828 980 47 140 839 82 899 793 222 698 294 814 207 930 694 352 817 195 239 989 676 972 422 981 684 967 100 757 610 467 669 360 396 185 929 95 333 867 459 267 464 914 432 287 361 167 450 123 261 884 174 967 707 947 475 709 347 671 821 267 70 379 928 39 885 360 768 979 31 922 192 891 94 445 810 508 41 524 223 648 151 226 263 383 970 741 2 856 306 527 288 864 980 967 479 346 210 887 907 721 644 607 443 362 984 939 818 796 710 800 498 796 743 253 368 141 104 856 756 53 857 446 263 998 651 790 66 706 128 448 428 504 277 266 676 247 782 804 816 264 761 317 582 778 534 829 785 704 445 477 375 109 536 403 936 442 787 394 321 415 945 858 913 305 497 692 707 827 217 584 134 512 977 306 666 207 99 419 620 792 25 468 851 935 496 976 76 695 788 466 763 640 509 461 683 587 496 123 936 949 560 120 139 467 374 751 61 342 94 549 407 919 269 213 66 620 128 572 115 43 751 750 729 262 978 737 26 607 466 784 954 406 627 154 166 546 128 781 432 381 184 348 724 82 64 545 250 427 441 663 292 30 699 599 979 728 826 461 270 181 224 348 403 166 83 424 56 188 808 810 331 92 112 545 345 76 690 206 757 725 218 857 49 761 281 651 89 967 68 779 174 844 49 933 577 764 599 336 617 858 981 167 662 492 934 930 86 251 892 694 289 289 787 58 560 828 911 227 291 242 265 667 75 693 149 413 893 217 159 828 160 43 840 164 449 397 251 897 197 679 109 487 438 304 324 2 42 846 631 95 401 994 55 395 205 543 125 570 582 644 828 202 503 24 39 562 835 102 206 901 733 457 637 211 918 594 478 793 911 991 409 776 890 70 392 140 836 307 40 174 70 574 445 828 196 337 396 103 317 8 23 765 949 9 773 9 791 158 48 832 87 697 907 468 815 191 468 606 512 384 654 440 827 943 930 441 528 541 887 444 48 154 471 611 606 710 972 472 243 333 843 421 226 882 719 589 352 253 858 866 976 431 352 103 751 789 748 73 291 220 718 994 761 757 93 694 200 33 850 874 344 934 445 857 487 26 365 1 333 23 146 54 710 896 748 509 320 635 137 124 245 983 491 376 547 440 49 566 963 169 720 470 983 114 288 341 767 634 291 322 637 678 996 907 464 250 621 57 134 567 956 58 422 462 502 661 917 164 739 379 398 335 589 500 471 200 116 367 466 233 875 79 338 801 849 994 959 758 672 59 683 618 66 707 821 313 205 603 198 137 644 117 979 307 625 116 474 161 679 337 720 609 189 783 322 617 224 713 187 171 767 43 269 459 877 663 947 982 754 705 839 598 323 596 912 116 388 222 238 605 579 641 865 567 695 932 366 757 185 66 107 266 1 985 390 403 412 958 808 408 228 687 944 36 113 232 678 50 207 402 436 547 960 577 812 709 91 165 598 726 108 884 416 378 95 381 356 169 935 384 612 317 404 949 201 42 661 274 724 190 33 224 788 179 740 504 138 891 464 178 802 204 914 831 315 100 999 104 599 118 791 869 375 693 449 107 185 849 927 568 236 408 978 472 206 31 921 846 459 760 599 43 809 278 67 634 506 279 291 312 441 18 403 870 544 849 227 761 58 864 647 491 669 527 387 611 650 340 814 163 359 221 438 816 876 373 877 391 430 556 11 78 785 276 436 977 841 49 530 191 634 368 638 324 446 4 995 87 735 453 276 542 926 202 856 305 379 392 434 261 726 827 126 691 190 708 936 848 720 884 615 429 314 49 27 641 728 710 467 566 966 888 474 977 751 654 954 230 510 344 601 772 612 779 764 189 569 3 961 969 374 667 361 419 386 2 486 620 947 614 697 390 895 805 120 220 628 89 462 296 653 644 91 748 966 125 285 526 954 793 111 198 498 806 113 857 257 731 232 35 502 172 439 657 266 237 470 925 387 973 803 653 472 581 926 381 709 600 138 868 729 813 832 685 294 659 141 888 689 78 560 960 531 631 677 141 639 392 861 277 61 95 329 438 54 386 140 928 729 197 305 369 397 976 814 184 392 149 647 334 560 128 774 602 208 496 553 836 461 653 172 596 721 274 89 468 376 164 613 475 650 931 629 396 584 834 128 46 1 986 991 773 639 772 794 697 374 62 909 717 301 740 828 498 873 579 290 773 694 659 1000 479 367 611 643 996 568 578 855 455 993 603 227 995 46 375 549 884 445 882 976 671 848 319 99 968 595 573 68 139 992 790 269 461 513 301 813 435 678 576 618 891 48 991 341 706 485 644 815 565 501 299 683 876 371 924 499 52 865 678 24 261 765 118 468 771 920 856 298
 728 666 301 889 970 814 399 245 360 851 457 606 811 429 914 421 883 33 267 388 632 465 502 381 586 703 74 654 595 228 389 955 803 867 169 148 372 138 634 313 863 321 102 556 686 87 118 742 764 649 933 668 954 147 214 595 708 76 267 730 483 509 803 495 572 507 699 956 145 445 225 779 102 32 741 304 926 529 560 590 271 850 913 789 564 401 542 515 506 45 712 376 285 107 259 398 395 160 124 416 97 823 259 874 877 397 707 106 796 388 144 142 140 389 840 278 373 753 397 683 772 586 530 585 448 869 940 1000 616 523 243 713 708 632 849 455 972 491 210 459 926 728 869 965 556 906 290 208 356 397 324 342 50 635 785 427 787 612 823 870 259 412 801 805 986 504 363 609 923 41 402 938 13 348 920 92 149 161 406 426 91 331 282 889 796 639 412 985 648 656 372 503 101 762 718 966 540 502 424 816 410 54 3 432 586 90 808 945 536 265 813 628 985 756 96 886 450 239 756 416 742 57 610 20 828 863 249 780 344 732 752 252 97 499 980 139 307 992 302 414 782 452 470 287 278 143 542 356 436 659 800 962 381 375 585 539 114 657 594 374 672 32 253 254 400 624 101 37 601 367 193 547 165 304 282 953 810 934 723 483 90 243 705 870 941 137 66 806 613 673 827 956 626 211 157 389 647 869 615 414 797 727 66 86 182 830 257 189 717 839 999 916 500 223 734 469 630 144 917 29 662 791 425 742 448 348 720 82 383 490 106 404 750 391 992 169 546 318 346 168 271 539 987 926 203 183 96 629 256 397 721 342 814 547 279 28 904 725 687 987 366 398 869 617 219 345 605 164 880 16 373 844 808 218 327 18 181 58 870 537 459 701 623 275 836 829 915 959 900 428 593 922 341 90 537 44 494 147 22 829 95 219 803 944 497 28 218 86 404 673 777 686 712 67 255 355 943 644 501 151 867 210 535 399 501 183 917 686 694 254 925 622 249 112 276 44 104 624 117 724 286 204 713 118 85 470 808 967 105 585 382 66 373 631 561 88 716 946 994 622 843 466 250 159 149 767 71 497 694 704 968 684 461 715 445 416 715 925 962 726 201 668 773 250 818 219 814 359 380 470 87 476 725 247 188 518 283 72 341 502 236 626 274 948 7 389 918 244 339 185 958 640 95 261 532 254 666 238 391 972 28 498 461 185 492 100 492 941 891 107 414 499 224 791 563 126 222 996 947 579 755 202 524 414 99 547 688 479 213 919 483 685 715 357 20 459 128 731 402 827 893 767 25 545 756 103 620 289 385 422 757 636 669 200 411 214 509 136 916 563 355 303 235 116 411 264 75 93 985 882 949 41 425 302 782 703 294 897 21 902 456 980 979 15 8 674 700 67 69 986 525 765 588 630 119 112 603 323 43 188 943 498 189 373 839 614 934 349 832 551 597 660 610 30 118 325 907 322 190 226 739 410 470 882 240 108 630 914 155 686 51 394 250 795 203 9 935 728 673 708 497 943 973 651 9 820 622 484 728 574 706 645 159 376 645 492 935 753 984 225 987 464 332 902 754 956 327 597 729 252 62 11 481 154 28 892 492 253 810 727 270 135 864 131 722 668 50 18 666 12 726 909 163 51 525 216 600 671 456 712 222 681 38 570 808 536 667 93 883 50 107 595 325 445 71 260 34 957 94 892 23 606 888 758 499 29 447 921 298 130 975 90 860 865 480 473 870 409 818 664 223 819 184 178 821 679 455 465 848 804 825 627 664 992 293 493 955 31 250 376 426 494 292 163 772 538 141 889 355 364 968 637 462 520 514 107 286 751 705 641 973 354 466 46 307 127 558 297 547 881 797

---------Sorted Array---------
1 1 1 1 1 1 1 1 1 1 1 1 2 2 2 2 2 2 2 2 2 3 3 3 3 3 3 3 3 4 4 4 4 4 4 4 4 4 4 5 5 5 5 5 5 5 5 6 6 6 6 6 6 6 6 7 7 7 7 7 7 7 7 7 7 8 8 8 8 8 8 8 8 8 8 8 8 9 9 9 9 9 9 9 9 9 9 9 9 9 9 9 9 10 10 10 10 10 10 10 10 11 11 11 11 11 11 12 12 12 12 12 12 12 12 12 12 13 13 13 13 13 13 13 13 13 13 13 13 13 14 14 14 14 15 15 15 15 15 15 15 16 16 16 16 16 16 16 16 16 16 16 16 16 16 17 17 17 17 17 17 17 17 17 17 18 18 18 18 18 18 19 19 19 19 19 19 19 19 19 20 20 20 20 20 20 20 20 21 21 21 21 21 21 21 21 21 21 21 22 22 22 22 22 22 22 22 22 22 22 23 23 23 23 23 23 23 23 23 23 23 23 23 23 24 24 24 24 24 24 24 24 24 24 24 24 24 24 24 24 25 25 25 25 25 25 25 25 26 26 26 26 26 26 27 27 27 27 27 27 27 27 27 27 28 28 28 28 28 28 28 28 28 28 28 29 29 29 29 29 29 29 29 29 29 29 29 29 29 29 29 30 30 30 30 30 30 30 30 31 31 31 31 31 31 31 31 31 31 32 32 32 32 32 32 32 32 33 33 33 33 33 33 33 33 33 33 33 33 33 34 34 34 34 34 34 34 34 34 34 35 35 35 35 35 35 36 36 36 36 36 36 36 36 36 37 37 37 37 37 37 37 38 38 38 38 38 38 38 38 38 38 38 38 39 39 39 39 39 39 39 39 39 39 39 39 39 40 40 40 40 40 40 40 41 41 41 41 41 41 41 41 41 41 41 42 42 42 42 42 42 42 42 42 42 42 42 42 42 43 43 43 43 43 43 43 43 43 43 43 43 44 44 44 44 44 44 44 44 44 44 44 45 45 45 45 45 45 45 45 46 46 46 46 46 46 46 46 47 47 47 47 47 48 48 48 48 48 48 48 48 48 48 48 48 49 49 49 49 49 49 49 49 49 49 49 49 49 49 49 49 49 50 50 50 50 50 50 50 50 50 50 51 51 51 51 51 51 51 51 51 51 51 51 51 52 52 52 52 52 52 53 53 53 53 53 53 53 53 53 53 53 53 53 54 54 54 54 54 54 54 54 54 54 54 54 54 54 54 54 54 55 55 55 55 55 55 55 56 56 56 56 56 56 56 56 57 57 57 57 57 57 57 57 57 57 57 58 58 58 58 58 58 58 59 59 59 59 59 59 59 59 59 59 59 59 59 60 60 60 60 60 60 61 61 61 61 61 61 61 61 61 62 62 62 62 62 62 62 62 62 62 62 62 62 62 62 62 62 63 63 63 63 64 64 64 64 64 64 64 64 64 64 65 65 65 65 65 65 65 65 65 65 66 66 66 66 66 66 66 66 66 66 66 66 66 66 66 66 66 66 66 67 67 67 67 67 67 67 67 67 67 67 68 68 68 68 68 68 68 68 69 69 69 69 70 70 70 70 70 71 71 71 71 71 71 71 71 71 72 72 72 72 72 72 72 72 72 72 72 73 73 73 73 73 73 73 73 73 73 73 73 73 73 73 73 73 74 74 74 74 74 74 74 74 74 74 75 75 75 75 75 75 75 75 75 75 75 75 75 75 75 75 75 76 76 76 76 76 76 76 76 76 76 76 76 76 76 76 77 77 77 77 77 77 78 78 78 78 78 78 78 79 79 79 79 79 79 79 79 80 80 80 80 80 80 80 80 81 81 81 81 81 81 81 81 81 81 81 81 81 81 81 81 81 82 82 82 82 82 82 82 82 82 82 83 83 83 83 83 83 83 83 83 83 83 83 84 84 84 84 84 84 84 84 84 85 85 85 85 85 85 85 85 85 85 85 85 86 86 86 86 86 86 86 86 86 86 86 86 86 86 86 86 86 87 87 87 87 87 87 87 87 87 87 87 88 88 88 88 88 88 89 89 89 89 89 89 89 89 89 89 89 89 89 89 90 90 90 90 90 90 90 90 90 90 90 91 91 91 91 91 91 91 91 91 91 91 91 92 92 92 92 92 92 92 92 92 92 93 93 93 93 93 94 94 94 94 94 94 94 94 94 94 94 94 94 95 95 95 95 95 95 95 95 95 95 95 95 95 96 96 96 96 96 96 96 96 97 97 97 97 97 97 97 98 98 98 98 98 98 98 98 99 99 99 99 99 99 99 99 99 99 99 99 99 100 100 100 100 100 100 100 100 100 100 100 100 100 100 100 100 101 101 101 101 101 101 101 101 101 101 101 102 102 102 102 102 102 102 102 102 102 102 102 103 103 103 103 103 103 103 103 103 103 103 103 103 104 104 104 104 104 104 104 104 104 104 104 104 104 104 105 105 105 105 105 105 105 106 106 106 106 106 106 106 106 106 106 106 106 106 107 107 107 107 107 107 107 107 107 107 107 107 107 107 108 108 108 108 108 108 108 108 109 109 109 109 109 109 110 110 110 110 110 110 110 111 111 111 111 111 111 112 112 112 112 112 112 112 112 113 113 113 113 113 113 113 114 114 114 114 114 114 114 114 115 115 115 115 115 115 115 116 116 116 116 116 116 116 116 116 116 116 117 117 117 117 117 117 117 118 118 118 118 118 118 118 118 118 118 118 118 119 119 119 119 119 119 119 119 119 119 119 119 120 120 120 120 120 120 120 120 120 120 120 121 121 121 121 121 121 122 122 122 122 122 122 122 123 123 123 123 123 123 123 123 123 124 124 124 124 124 124 124 125 125 125 125 125 125 125 125 125 125 125 125 125 126 126 126 126 126 126 126 126 126 126 126 126 126 126 126 127 127 127 127 127 127 128 128 128 128 128 128 128 128 128 128 128 129 129 129 129 129 129 129 129 129 129 130 130 130 130 130 130 130 130 130 130 130 130 130 131 131 131 131 131 131 132 132 132 132 132 133 133 133 133 133 133 133 133 133 134 134 134 134 134 134 134 134 134 135 135 135 135 135 135 135 135 135 135 135 136 136 136 136 136 136 136 136 136 136 136 1361136 136 136 137 137 137 137 137 137 137 137 137 138 138 138 138 138 138 138 138 138 138 138 138 138 138 138 138 139 139 139 139 139 139 139 140 140 140 140 140 140 140 140 140 140 140 140 140 141 141 141 141 141 141 141 141 141 141 141 141 142 142 142 142 142 142 142 142 142 142 142 142 142 143 143 143 143 143 143 143 143 143 143 143 144 144 144 144 144 144 144 145 145 145 145 145 145 145 145 145 145 146 146 146 146 146 146 146 146 146 146 146 146 146 146 146 147 147 147 147 147 147 147 147 147 147 147 147 147 148 148 148 148 148 148 149 149 149 149 149 149 149 149 149 149 149 149 150 150 150 150 150 150 150 150 150 150 150 150 150 150 150 151 151 151 151 152 152 152 152 152 152 152 153 153 153 153 153 153 153 153 153 153 154 154 154 154 154 154 154 154 154 154 154 154 155 155 155 155 155 155 155 155 155 155 155 155 156 156 156 156 156 156 156 157 157 157 157 157 157 157 157 158 158 158 158 158 158 158 158 158 159 159 159 159 159 159 159 159 159 159 159 160 160 160 160 160 160 160 160 160 161 161 161 161 161 161 161 162 162 162 162 162 162 162 162 162 162 162 162 162 163 163 163 163 163 163 163 163 163 163 163 163 164 164 164 164 164 164 164 164 165 165 165 165 165 165 165 165 166 166 166 166 166 166 166 166 167 167 167 167 167 167 167 167 168 168 168 168 168 168 168 168 169 169 169 169 169 169 169 169 169 169 169 169 169 169 169 169 169 169 169 170 170 170 170 170 170 170 170 170 170 170 170 171 171 171 171 171 171 171 171 171 171 172 172 172 172 172 172 172 172 172 172 172 172 172 172 172 173 173 173 173 173 173 174 174 174 174 174 174 174 174 174 175 175 175 175 175 175 175 175 175 175 175 176 176 176 176 176 176 176 176 176 176 177 177 177 177 177 177 178 178 178 178 178 178 178 178 179 179 179 179 179 179 179 179 179 180 180 180 180 180 180 180 180 181 181 181 181 181 181 181 181 182 182 182 182 182 183 183 183 183 183 183 183 183 183 183 183 183 183 184 184 184 184 184 184 184 184 184 184 184 184 185 185 185 185 185 185 185 185 185 185 185 185 185 185 186 186 186 186 186 187 187 187 187 187 187 187 187 188 188 188 188 188 188 188 188 188 188 188 188 189 189 189 189 189 189 189 189 189 189 190 190 190 190 190 190 190 190 190 190 190 190 190 190 190 190 191 191 191 191 191 191 191 191 191 191 191 192 192 192 192 192 192 192 192 192 193 193 193 193 193 193 193 193 193 194 194 194 194 194 194 194 194 194 194 194 194 194 195 195 195 195 195 195 195 196 196 196 196 196 196 196 196 196 196 196 196 196 197 197 197 197 197 197 197 197 197 197 197 197 197 198 198 198 198 198 198 198 198 198 198 198 198 199 199 199 199 199 200 200 200 200 200 200 200 200 200 200 200 200 200 200 200 200 201 201 201 201 201 201 201 201 201 201 201 201 202 202 202 202 202 202 202 202 203 203 203 203 203 203 203 203 203 203 203 203 203 203 204 204 204 204 204 204 205 205 205 205 205 205 205 205 205 205 206 206 206 206 206 206 206 206 206 206 206 206 206 206 207 207 207 207 207 207 207 207 207 208 208 208 208 208 209 209 209 209 209 209 209 209 209 210 210 210 210 210 210 210 210 210 210 210 210 211 211 211 211 211 211 211 212 212 212 212 212 212 212 212 213 213 213 213 213 213 213 213 213 214 214 214 214 214 214 214 214 214 214 214 214 215 215 215 216 216 216 216 216 216 216 217 217 217 217 217 217 217 217 217 218 218 218 218 218 218 218 218 218 218 218 219 219 219 219 219 219 219 220 220 220 220 220 220 220 220 220 221 221 221 221 221 221 222 222 222 222 222 222 222 222 222 222 222 222 222 222 222 222 222 222 223 223 223 223 223 223 223 223 223 223 223 224 224 224 224 224 224 224 224 224 224 224 224 224 225 225 225 225 225 225 225 225 225 225 225 225 225 225 226 226 226 226 226 226 226 226 227 227 227 227 227 227 227 227 227 227 227 228 228 228 228 228 228 228 228 228 228 228 228 229 229 229 229 229 230 230 230 230 230 230 230 230 230 230 230 230 231 231 231 231 231 231 231 231 232 232 232 232 232 232 232 232 232 232 232 233 233 233 233 233 233 233 233 234 234 234 234 234 234 234 235 235 235 235 235 235 235 235 235 235 236 236 236 236 236 236 236 236 236 236 237 237 237 237 237
 237 238 238 238 238 238 238 238 238 238 238 238 238 239 239 239 239 239 239 239 239 239 239 239 239 239 239 239 240 240 240 240 240 240 240 240 241 241 241 241 241 241 241 241 241 242 242 242 242 242 242 242 242 242 242 243 243 243 243 243 243 244 244 244 244 244 244 245 245 245 245 245 245 245 245 245 246 246 246 246 246 246 246 246 246 246 246 246 246 246 246 246 246 247 247 247 247 247 247 248 248 248 248 249 249 249 249 249 249 249 249 249 249 249 249 250 250 250 250 250 250 250 250 250 250 250 250 251 251 251 251 251 251 251 251 251 252 252 252 252 252 252 252 252 252 252 252 252 253 253 253 253 253 253 253 253 253 253 253 253 253 253 254 254 254 254 254 254 254 254 254 254 254 254 254 254 254 254 254 255 255 255 255 255 255 256 256 256 256 256 256 256 256 256 256 257 257 257 257 257 257 257 257 257 257 257 257 258 258 258 258 258 258 258 258 258 258 258 259 259 259 259 259 259 259 259 259 259 259 259 260 260 260 260 260 260 260 260 260 260 260 260 260 261 261 261 261 261 261 261 261 261 261 261 261 261 261 262 262 262 262 262 262 262 263 263 263 263 263 263 263 263 263 263 263 263 263 264 264 264 264 264 264 264 265 265 265 265 265 265 265 265 265 265 265 265 265 265 265 265 266 266 266 266 266 266 266 266 267 267 267 267 267 267 267 267 267 267 268 268 268 268 268 268 268 268 268 269 269 269 269 269 269 269 269 269 269 269 269 270 270 270 270 270 270 270 270 270 270 270 271 271 271 271 271 271 271 271 271 271 271 271 271 271 272 272 272 272 272 272 272 272 272 272 272 272 272 272 272 272 272 273 273 273 273 273 273 273 273 274 274 274 274 274 274 274 275 275 275 275 275 275 275 275 275 276 276 276 276 276 276 276 276 276 277 277 277 277 277 277 277 277 278 278 278 278 278 278 278 278 278 278 279 279 279 279 279 279 279 279 279 279 279 280 280 280 280 280 280 280 281 281 281 281 281 281 281 281 282 282 282 282 282 282 282 282 282 282 282 282 282 283 283 283 283 283 283 283 283 283 283 283 284 284 284 284 284 284 284 284 284 285 285 285 285 285 285 285 286 286 286 286 286 286 286 286 286 286 286 286 287 287 287 287 287 287 287 287 287 287 288 288 288 288 288 288 288 288 288 288 288 289 289 289 289 289 289 290 290 290 290 290 290 290 290 290 291 291 291 291 291 291 291 291 291 291 291 291 291 291 291 291 291 291 291 291 291 291 291 291 291 292 292 292 292 292 292 293 293 293 293 293 293 293 293 293 293 293 293 294 294 294 294 294 294 294 294 294 294 294 294 294 295 295 295 295 296 296 296 296 296 296 296 296 296 297 297 297 297 297 297 297 297 297 297 297 297 297 297 297 298 298 298 298 298 298 298 298 298 299 299 299 299 299 299 299 299 300 300 300 300 300 300 300 300 300 300 301 301 301 301 301 301 301 301 301 301 301 301 301 301 302 302 302 302 302 302 302 302 302 302 302 302 302 303 303 303 303 303 303 303 304 304 304 304 304 304 304 304 304 304 305 305 305 305 305 305 305 306 306 306 306 306 307 307 307 307 307 307 307 308 308 308 308 309 309 309 309 310 310 310 310 310 310 310 311 311 311 311 311 311 311 312 312 312 312 312 312 313 313 313 313 313 313 313 313 313 313 314 314 314 314 314 314 314 314 314 314 314 314 314 314 314 314 315 315 315 315 315 315 315 315 315 316 316 316 316 316 316 317 317 317 317 317 317 317 317 317 317 317 318 318 318 318 318 318 319 319 319 319 319 319 319 319 319 319 319 319 319 319 320 320 320 320 320 320 320 320 321 321 321 321 321 321 321 321 321 321 322 322 322 322 322 322 322 322 322 322 322 322 322 323 323 323 323 323 323 323 323 323 324 324 324 324 324 324 324 324 324 324 324 325 325 325 325 325 325 325 325 325 325 325 326 326 327 327 327 327 327 327 328 328 328 328 328 328 328 328 328 329 329 329 329 329 329 329 329 330 330 330 330 330 331 331 331 331 331 331 331 332 332 332 332 332 332 332 333 333 333 333 333 333 334 334 334 334 334 334 334 334 334 334 334 334 334 334 335 335 335 335 335 335 335 335 335 335 336 336 336 336 336 336 336 336 337 337 337 337 337 337 337 337 337 337 337 337 338 338 338 338 338 338 338 338 338 338 338 339 339 339 339 339 339 339 339 339 339 340 340 340 340 340 340 340 340 340 341 341 341 341 341 341 341 341 341 341 341 341 342 342 342 342 342 342 342 342 342 343 343 343 343 343 343 343 344 344 344 344 344 344 344 344 344 344 344 344 344 344 344 345 345 345 345 345 345 345 345 345 345 346 346 346 346 346 346 346 346 346 346 346 346 347 347 347 347 347 347 347 347 348 348 348 348 348 348 348 349 349 349 349 349 349 349 349 349 349 350 350 350 350 350 351 351 351 351 351 351 351 351 351 351 351 351 351 352 352 352 352 352 352 352 352 352 352 352 353 353 353 353 353 353 353 353 354 354 354 354 354 354 354 354 354 355 355 355 355 355 356 356 356 356 356 356 356 356 356 356 356 357 357 357 357 357 357 358 358 358 358 358 358 358 358 358 359 359 359 359 359 359 359 359 359 359 359 359 359 360 360 360 360 360 360 360 361 361 361 361 361 361 361 361 361 361 362 362 362 362 362 362 362 362 362 362 362 362 363 363 363 363 363 363 363 363 363 364 364 364 364 364 364 364 364 364 364 365 365 365 365 365 365 365 365 365 365 365 365 365 366 366 366 366 366 366 366 366 366 367 367 367 367 367 367 367 367 367 367 367 367 368 368 368 368 368 368 368 368 369 369 369 369 369 369 369 369 370 370 370 370 370 370 370 370 370 371 371 371 371 371 371 371 371 371 371 371 371 371 372 372 372 372 372 372 372 372 372 372 372 372 373 373 373 373 373 373 373 373 373 373 373 374 374 374 374 374 374 374 374 374 375 375 375 375 375 375 375 376 376 376 376 376 376 376 376 377 377 377 377 377 377 377 377 377 378 378 378 378 378 378 378 378 379 379 379 379 379 379 380 380 380 381 381 381 381 381 381 381 381 381 381 381 381 382 382 382 382 382 382 382 382 382 383 383 383 383 383 383 383 383 383 383 383 383 383 383 384 384 384 384 384 384 384 384 384 385 385 385 385 385 385 386 386 386 386 386 386 386 386 387 387 387 387 387 387 387 387 387 388 388 388 388 388 388 388 388 388 388 389 389 389 389 389 389 389 389 389 389 389 389 389 389 390 390 390 390 390 390 390 390 390 390 390 390 391 391 391 391 391 391 391 391 392 392 392 392 392 392 392 392 392 392 392 392 393 393 393 393 393 393 393 393 394 394 394 394 394 394 394 394 394 394 394 394 395 395 395 395 395 395 396 396 396 396 396 396 396 396 396 396 397 397 397 397 397 397 397 397 397 397 397 397 397 397 397 397 3973397 398 398 398 398 398 398 398 398 398 399 399 399 399 399 399 399 399 399 400 400 400 400 400 400 400 400 401 401 401 401 401 401 401 401 402 402 402 402 402 402 402 402 402 403 403 403 403 403 403 403 403 403 404 404 404 404 404 404 404 404 404 404 404 405 405 405 405 406 406 406 406 406 406 406 406 406 406 406 406 407 407 407 407 407 407 407 407 407 407 407 407 407 408 408 408 408 408 408 408 408 408 409 409 409 409 409 409 409 410 410 410 410 410 410 411 411 411 411 411 411 411 411 411 412 412 412 412 412 412 412 412 412 412 412 412 412 412 412 413 413 413 413 413 413 413 413 414 414 414 414 414 414 414 414 414 414 414 414 414 414 414 415 415 415 415 415 415 416 416 416 416 416 416 416 416 416 416 416 417 417 417 417 417 417 417 417 417 417 417 418 418 418 418 418 419 419 419 419 419 419 419 420 420 420 420 420 420 420 420 420 421 421 421 421 421 421 421 421 422 422 422 422 422 422 422 422 422 422 422 422 422 422 422 422 423 423 423 423 423 423 423 423 423 423 424 424 424 424 424 424 424 424 424 424 424 424 425 425 425 425 425 425 425 425 425 425 426 426 426 426 426 426 426 426 426 426 426 426 426 426 426 427 427 427 427 427 427 427 427 427 427 427 427 428 428 428 428 428 428 428 428 429 429 429 429 429 429 429 429 429 429 430 430 430 430 430 430 430 430 430 430 430 431 431 431 431 431 431 431 431 431 431 431 432 432 432 432 432 432 432 432 432 433 433 433 433 433 433 433 433 433 433 433 433 434 434 434 434 434 434 434 434 435 435 435 435 435 435 435 435 436 436 436 436 436 436 436 436 436 436 437 437 437 437 437 437 438 438 438 438 438 438 438 438 438 438 439 439 439 439 439 439 439 439 439 440 440 440 440 440 440 440 440 440 440 440 440 440 440 441 441 441 441 441 441 441 441 442 442 442 442 442 442 442 442 442 442 442 442 442 443 443 443 443 443 443 443 444 444 444 444 444 444 444 444 444 444 444 445 445 445 445 445 445 445 445 445 445 445 445 445 445 445 445 445 445 445 445 446 446 446 446 446 446 446 446 446 446 447 447 447 447 447 447 447 448 448 448 448 448 448 448 448 448 448 448 448 449 449 449 449 449 449 449 449 449 449 449 449 449 449 450 450 450 450 450 450 450 450 451 451 451 451 451 451 451 451 451 452 452 452 452 452 452 453 453 453 453 453 453 453 453 453 453 453 453 453 453 454 454 454 455 455 455 455 455 455 455 455 455 455 455 455 456 456 456 456 456 456 456 456 456 456 456 456 457 457 457 457 457 457 457 457 458 458 458 458 458 458 458 459 459 459 459 459 459 459 459 459 459 459 459 459 459 459 460 460 460 460 460 460 461 461 461 461 461 461 461 461 461 461 461 462 462 462 462 462 462 462 462 462 462 462 462 463 463 463 463 463 463 463 464 464 464 464 464 464 464 464 464 464 464 464 464 465 465 465 465 465 465 465 465 465 465 465 465 466 466 466 466 466 466 466 466 466 466 466 466 466 466 467 467 467 467 467 467 467 467 467 467 467 468 468 468 468 468 468 468 468 468 468 468 468 468 468 468 468 469 469 469 469 469 469 469 469 469 470 470 470 470 470 470 470 470 470 470 470 470 470 470 470 471 471 471 471 471 471 471 471 472 472 472 472 472 472 472 472 472 472 472 473 473 473 473 473 473 473 473 473 473 473 473 473 473 473 474 474 474 474 474 474 474 475 475 475 475 475 475 475 475 475 475 475 476 476 476 476 476 477 477 477 477 477 477 477 477 477 477 477 478 478 478 478 478 478 478 478 478 478 478 479 479 479 479 479 479 479 479 479 480 480 480 480 480 480 480 480 480 480 480 480 481 481 481 481 481 481 481 482 482 482 482 482 482 482 482 482 483 483 483 483 483 483 483 483 483 483 484 484 484 484 484 484 484 484 484 485 485 485 485 485 485 486 486 486 486 486 486 486 486 486 486 486 486 486 487 487 487 487 487 487 487 487 487 487 487 487 488 488 488 488 488 488 488 488 488 488 488 488 489 489 489 489 489 489 489 489 489 489 489 489 490 490 490 490 490 490 490 490 490 490 490 490 490 490 491 491 491 491 491 491 491 491 491 491 491 491 491 491 492 492 492 492 492 492 492 492 492 492 492 493 493 493 493 493 493 493 493 493 493 494 494 494 494 494 494 494 494 494 494 494 495 495 495 495 495 495 496 496 496 496 496 496 496 496 496 496 497 497 497 497 497 497 497 497 497 498 498 498 498 498 498 498 498 498 498 498 498 498 498 499 499 499 499 499 499 499 499 499 499 499 500 500 500 500 500 500 500 500 500 500 501 501 501 501 501 501 501 501 501 502 502 502 502 502 502 502 502 502 502 503 503 503 503 503 503 503 503 503 503 503 503 504 504 504 504 504 504 504 504 504 504 504 504 504 504 504 504 504 504 504 505 505 505 505 505 505 505 505 505 505 506 506 506 506 506 506 506 506 506 506 506 506 506 507 507 507 507 507 507 507 508 508 508 508 508 508 509 509 509 509 509 509 509 509 509 509 509 509 509 509 509 510 510 510 510 510 510 510 510 510 511 511 511 511 511 511 511 511 512 512 512 512 512 512 512 512 512 512 512 512 513 513 513 513 513 513 513 513 513 514 514 514 514 515 515 515 515 515 515 515 515 515 515 515 515 515 516 516 516 516 516 516 516 517 517 517 517 517 517 518 518 518 518 518 518 518 519 519 519 519 519 519 519 519 519 519 520 520 520 520 520 520 520 520 520 520 520 521 521 521 521 521 521 521 521 521 522 522 522 522 522 522 522 523 523 523 523 523 523 523 523 523 524 524 524 524 524 524 524 524 524 524 524 524 524 524 525 525 525 525 525 525 525 525 525 526 526 526 526 526 526 526 526 526 526 526 526 526 527 527 527 527 527 527 527 528 528 528 528 528 528 528 528 528 529 529 529 529 529 529 529 529 529 529 529 530 530 530 530 530 530 530 530 530 530 530 530 531 531 531 531 531 531 531 531 531 532 532 532 532 532 532 532 532 532 532 532 533 533 533 533 533 533 533 533 533 533 534 534 534 534 534 535 535 535 535 535 535 535 535 535 535 536 536 536 536 536 536 536 536 536 536 536 537 537 537 537 537 537 537 537 537 537 538 538 538 538 538 538 538 538 538 538 538 538 538 538 538 539 539 539 539 539 539 539 539 539 539 539 539 539 539 540 540 540 540 540 540 540 540 540 541 541 541 541 541 541 541 541 541 541 541 541 541 541 542 542 542 542 542 542 542 542 542 542 542 542 542 543 543 543 543 543 543 543 543 543 543 544 544 544 544 544 545 545 545 545 545 545 545 545 545 546 546 546 546 546 546 546 546 546 547 547 547 547 547 547 547 547 547 547 547 5475547 548 548 548 548 548 548 548 548 548 548 548 548 548 548 549 549 549 549 549 549 550 550 550 550 550 550 550 550 550 550 550 550 550 550 550 551 551 551 551 551 551 551 551 552 552 552 552 552 552 553 553 553 553 553 553 553 553 553 553 553 553 554 554 554 554 554 555 555 555 555 555 555 555 555 556 556 556 556 556 556 556 556 556 556 556 556 557 557 557 557 557 557 557 557 557 557 557 557 557 558 558 558 558 558 558 558 558 558 558 559 559 559 559 559 559 560 560 560 560 560 560 560 560 560 561 561 561 561 561 561 561 561 561 561 562 562 562 562 562 562 562 562 562 562 562 562 562 562 563 563 563 563 563 563 563 564 564 564 564 564 564 564 565 565 565 566 566 566 566 566 566 566 566 566 566 566 566 566 566 566 566 566 566 566 566 567 567 567 567 567 567 567 567 567 568 568 568 568 568 568 568 568 568 568 569 569 569 569 569 569 570 570 570 570 570 570 570 570 570 570 570 570 571 571 571 571 571 571 571 571 571 571 572 572 572 572 573 573 573 573 573 573 573 574 574 574 574 574 574 574 574 574 574 574 575 575 575 575 575 575 575 576 576 576 576 576 576 576 577 577 577 577 577 577 577 577 577 577 577 578 578 578 578 578 578 578 578 578 578 578 579 579 579 579 579 579 579 579 579 579 579 579 579 579 580 580 580 580 580 581 581 581 581 581 581 581 581 581 581 581 582 582 582 582 582 582 582 582 583 583 583 583 583 583 583 584 584 584 584 584 584 584 584 584 584 585 585 585 585 585 585 585 585 585 585 585 585 585 585 585 585 585 585 586 586 586 586 586 586 586 586 586 586 587 587 587 587 587 587 587 587 587 587 587 587 588 588 588 588 588 588 588 588 588 589 589 589 589 589 589 589 589 589 589 589 590 590 590 590 590 590 590 590 590 590 590 590 590 590 590 590 591 591 591 591 591 591 591 591 591 592 592 592 592 592 592 592 592 592 592 592 592 592 593 593 593 593 593 593 593 593 593 593 593 593 593 593 593 594 594 594 594 594 594 594 594 594 594 594 594 594 594 595 595 595 595 595 595 595 595 595 595 595 595 596 596 596 596 596 596 596 596 596 597 597 597 597 597 597 597 597 597 598 598 598 598 598 598 598 598 598 598 598 598 599 599 599 599 599 599 599 599 599 599 600 600 600 600 600 600 600 600 600 600 600 600 600 600 600 601 601 601 601 601 601 601 601 601 601 602 602 602 602 602 602 602 602 602 603 603 603 603 603 603 603 603 603 603 604 604 604 604 604 604 604 605 605 605 605 605 605 605 605 605 605 605 605 605 605 606 606 606 606 606 606 606 606 607 607 607 607 607 607 607 607 607 607 607 607 607 607 607 607 608 608 608 608 608 609 609 609 609 609 609 609 609 609 609 609 610 610 610 610 610 610 610 610 610 611 611 611 611 611 611 611 611 611 611 611 611 611 611 612 612 612 612 612 612 612 612 612 612 612 612 612 612 612 613 613 613 613 613 613 613 613 614 614 614 614 614 614 614 614 614 615 615 615 615 615 615 616 616 616 616 616 616 616 616 616 616 616 617 617 617 617 617 617 617 617 617 617 617 617 618 618 618 618 618 618 618 618 618 618 618 618 618 619 619 619 619 619 619 619 619 620 620 620 620 620 620 620 620 620 620 621 621 621 621 621 621 621 621 621 621 621 621 621 622 622 622 622 622 622 622 622 622 622 622 622 622 623 623 623 623 623 623 623 623 623 624 624 624 624 624 624 624 624 624 624 624 624 624 624 624 625 625 625 625 625 625 625 625 625 625 625 625 626 626 626 626 626 626 626 626 626 626 626 627 627 627 627 627 627 627 627 627 627 627 628 628 628 628 628 628 628 628 628 628 629 629 629 629 629 629 629 630 630 630 630 630 630 630 630 630 630 630 630 630 630 630 630 631 631 631 631 631 631 631 631 631 631 631 631 632 632 632 632 632 632 632 632 632 632 633 633 633 633 633 633 633 633 633 634 634 634 634 634 634 634 634 634 634 634 634 634 634 634 635 635 635 635 635 635 635 635 635 636 636 636 636 636 636 636 636 636 636 637 637 637 637 637 637 637 637 638 638 638 638 638 638 638 638 638 638 639 639 639 639 639 639 639 639 639 639 639 639 639 639 640 640 640 640 640 640 640 640 641 641 641 641 641 641 641 641 641 641 641 641 641 641 642 642 642 642 642 642 642 642 642 642 642 643 643 643 643 643 643 643 644 644 644 644 644 644 644 644 644 644 644 644 644 644 644 644 645 645 645 645 645 645 645 646 646 646 646 646 646 647 647 647 647 647 647 647 647 647 647 647 648 648 648 648 648 648 648 648 648 648 648 648 648 649 649 649 649 649 649 649 649 649 649 649 650 650 650 650 650 650 650 650 650 650 650 651 651 651 651 651 651 651 651 651 651 651 652 652 652 652 652 652 652 652 652 652 652 652 652 653 653 653 653 653 653 653 653 653 653 653 653 654 654 654 654 654 654 654 654 654 654 655 655 655 655 655 655 655 655 655 656 656 656 656 656 656 656 656 656 656 657 657 657 657 657 657 657 657 657 658 658 658 658 658 659 659 659 659 659 659 659 659 659 659 659 659 659 659 659 660 660 660 660 660 660 660 660 660 660 660 661 661 661 662 662 662 662 662 662 662 662 663 663 663 663 663 663 663 663 663 663 663 663 663 663 664 664 664 664 664 664 664 664 664 665 665 665 665 665 665 665 665 666 666 666 666 666 666 666 666 666 666 666 666 667 667 667 667 667 667 667 667 667 667 667 667 667 667 667 667 667 667 668 668 668 668 668 668 668 668 668 668 668 668 669 669 669 669 669 669 669 669 669 669 669 669 669 669 669 670 670 670 670 670 671 671 671 671 671 671 671 671 671 671 671 671 671 671 671 671 671 671 672 672 672 672 672 672 672 672 672 672 673 673 673 673 673 673 673 673 674 674 674 674 674 674 674 675 675 675 675 675 676 676 676 676 676 676 676 676 676 676 676 676 676 676 677 677 677 677 677 677 677 677 677 677 677 678 678 678 678 678 678 678 678 678 678 678 678 678 678 678 678 678 679 679 679 679 679 679 679 679 679 679 679 679 680 680 680 680 680 680 680 680 680 680 680 681 681 681 681 681 682 682 682 682 682 682 682 682 682 682 683 683 683 683 683 683 683 683 683 684 684 684 684 684 684 684 684 684 684 684 684 685 685 685 685 685 685 685 685 685 685 685 685 685 685 685 686 686 686 686 686 686 686 686 686 687 687 687 687 687 687 687 687 687 687 687 687 688 688 688 688 688 689 689 689 689 689 689 689 689 689 689 689 690 690 690 690 691 691 691 691 691 691 691 692 692 692 693 693 693 693 693 693 693 693 693 693 693 693 693 693 694 694 694 694 694 694 694 694 694 694 694 694 694 694 694 694 695 695 695 695 695 695 695 695 695 696 696 696 696 696 696 696 696 696 696 696 696 696 696 696 696 696 697 697 697 697 697 697 697 697 697 698 698 698 698 698 698 698 699 699 699 699 699 699 699 699 699 700 700 700 700 700 700 700 700 700 701 701 701 701 701 701 701 701 701 701 701 701 701 702 702 702 702 702 702 702 702 703 703 703 703 703 703 703 703 703 703 703 704 704 704 704 704 704 704 704 704 704 704 704 705 705 705 705 705 705 705 705 705 705 706 706 706 706 706 706 706 706 706 706 706 706 706 706 706 706 707 707 707 707 707 707 707 707 707 707 708 708 708 708 708 708 708 708 708 708 708 709 709 709 709 709 709 709 709 709 710 710 710 710 710 710 710 710 710 710 710 711 711 711 711 711 711 711 711 711 711 712 712 712 712 712 712 712 712 713 713 713 713 713 713 713 713 713 713 714 714 714 714 714 714 714 714 714 714 714 715 715 715 715 715 715 715 715 715 715 715 715 715 715 715 716 716 716 716 716 716 716 716 717 717 717 717 717 717 717 717 717 717 717 717 718 718 718 718 718 718 718 718 718 718 718 718 718 719 719 719 719 719 719 719 719 719 719 719 719 719 719 719 719 720 720 720 720 720 720 720 720 720 720 720 721 721 721 721 721 721 721 721 721 721 721 721 722 722 722 722 722 722 722 722 722 723 723 723 723 723 723 723 723 723 723 723 723 723 723 724 724 724 724 724 724 724 724 724 724 724 724 725 725 725 725 725 725 725 725 725 725 725 725 725 725 726 726 726 726 726 726 726 726 726 726 727 727 727 727 727 727 727 727 727 727 727 727 728 728 728 728 728 728 728 728 728 728 728 728 728 728 728 728 729 729 729 729 729 729 729 729 729 729 729 729 729 730 730 730 730 730 730 730 730 730 730 730 730 731 731 731 731 731 731 731 731 731 732 732 732 732 732 732 732 732 732 732 732 732 733 733 733 733 733 733 733 734 734 734 734 734 734 734 735 735 735 735 735 735 735 735 735 735 736 736 736 736 736 736 736 736 736 737 737 737 737 737 737 737 737 737 737 738 738 738 738 738 738 738 738 738 738 738 738 739 739 739 739 739 739 739 739 739 739 740 740 740 740 740 741 741 741 741 741 741 741 741 742 742 742 742 742 742 742 742 742 742 742 742 742 742 743 743 743 743 743 743 743 743 744 744 744 744 745 745 745 745 745 746 746 746 746 746 746 746 746 746 747 747 747 747 747 747 748 748 748 748 748 748 748 748 749 749 749 749 749 749 749 750 750 750 750 750 750 750 750 751 751 751 751 751 751 751 751 751 751 751 751 751 751 751 751 752 752 752 752 752 752 753 753 753 753 753 753 753 753 753 753 753 754 754 754 754 754 754 754 754 754 754 754 755 755 755 755 755 755 755 755 755 755 755 755 755 755 756 756 756 756 756 756 756 757 757 757 757 757 757 757 757 757 757 757 757 758 758 758 758 758 758 758 758 758 759 759 759 759 759 759 759 759 759 759 759 759 760 760 760 760 760 760 760 760 760 760 760 760 760 760 760 760 761 761 761 761 761 761 761 761 761 761 761 761 761 761 761 761 762 762 762 762 762 762 762 762 763 763 763 763 763 763 763 763 763 763 763 763 763 764 764 764 764 764 764 764 764 764 764 765 765 765 765 765 765 765 766 766 766 766 766 767 767 767 767 767 767 767 767 767 767 767 768 768 768 768 768 768 768 768 769 769 769 769 769 769 769 769 769 769 769 769 770 770 770 770 770 770 770 770 770 771 771 771 771 771 771 771 771 772 772 772 772 772 772 772 772 772 772 772 773 773 773 773 774 774 774 774 774 774 774 774 774 774 774 775 775 775 775 775 775 775 775 775 775 776 776 776 776 776 776 776 776 776 777 777 777 777 777 777 777 778 778 778 778 778 778 778 778 779 779 779 779 779 779 779 779 779 780 780 780 780 780 780 780 781 781 781 781 781 782 782 782 782 782 782 782 782 782 782 782 782 783 783 783 783 783 783 783 783 783 783 784 784 784 784 784 784 784 784 784 785 785 785 785 785 785 785 785 785 786 786 786 786 786 786 786 786 786 786 787 787 787 787 787 787 787 787 787 788 788 788 788 788 788 788 788 788 788 788 789 789 789 789 789 789 789 789 789 789 789 790 790 790 790 790 790 791 791 791 791 791 791 791 791 791 791 791 791 791 791 791 791 792 792 792 792 792 792 792 792 792 792 792 793 793 793 793 793 793 793 793 793 793 793 793 793 793 794 794 794 794 794 794 794 794 794 794 794 794 795 795 795 795 795 795 795 795 795 795 796 796 796 796 796 796 796 796 796 796 796 797 797 797 797 797 797 797 798 798 798 798 799 799 799 799 799 799 799 799 799 799 799 800 800 800 800 800 800 800 800 800 800 801 801 801 801 801 801 801 802 802 802 802 802 802 802 803 803 803 803 803 803 803 804 804 804 804 804 804 804 805 805 805 805 805 805 805 805 806 806 806 806 806 806 806 806 806 806 806 806 807 807 807 807 807 807 808 808 808 808 808 808 808 808 808 808 808 808 808 808 808 808 809 809 809 809 809 809 809 809 809 810 810 810 810 810 810 810 810 810 810 810 811 811 811 811 811 811 812 812 812 812 812 812 812 812 812 813 813 813 813 813 813 813 813 813 813 813 814 814 814 814 814 814 814 814 814 814 814 814 814 815 815 815 815 815 815 815 815 815 815 815 816 816 816 816 816 816 816 816 816 816 816 816 816 816 816 816 816 817 817 817 817 817 817 817 817 817 818 818 818 818 818 818 818 819 819 819 819 819 819 819 819 819 819 819 820 820 820 820 820 820 820 821 821 821 821 821 821 822 822 822 822 822 822 822 822 823 823 823 823 823 823 823 824 824 824 824 824 824 824 825 825 825 825 825 825 825 825 825 826 826 826 826 826 826 826 826 826
 826 826 827 827 827 827 827 827 827 827 827 827 827 827 827 827 828 828 828 828 828 828 828 828 828 828 828 828 828 828 828 828 828 828 829 829 829 829 829 829 829 829 829 829 829 829 829 829 830 830 830 830 830 830 830 830 830 831 831 831 831 831 831 831 831 831 832 832 832 832 832 832 832 832 832 832 832 832 833 833 833 833 833 833 833 833 833 834 834 834 834 834 834 834 834 834 834 834 834 834 834 834 834 834 834 835 835 835 835 835 835 835 835 835 835 836 836 836 836 836 836 836 836 836 836 837 837 837 837 837 837 837 837 838 838 838 838 838 838 838 838 838 838 839 839 839 839 839 839 839 839 839 839 839 839 840 840 840 840 840 840 840 840 841 841 841 841 841 841 841 841 841 841 841 842 842 842 842 842 842 842 842 842 842 843 843 843 843 843 843 843 843 843 843 844 844 844 844 844 844 844 844 844 844 844 844 845 845 845 845 845 845 845 845 845 845 845 845 846 846 846 846 846 846 846 846 846 846 847 847 847 847 847 847 847 847 847 847 848 848 848 848 848 848 848 848 848 848 849 849 849 849 849 849 849 849 849 849 850 850 850 850 850 850 850 850 850 850 850 850 851 851 851 851 851 851 851 851 851 851 851 851 851 851 852 852 852 852 852 852 852 852 852 852 852 852 852 852 853 853 853 853 853 853 854 854 854 854 855 855 855 855 855 855 855 855 856 856 856 856 856 856 856 856 856 856 856 856 856 856 857 857 857 857 857 857 857 857 857 858 858 858 858 858 858 858 858 858 858 859 859 859 859 859 859 859 859 859 859 859 860 860 860 860 860 860 860 860 860 861 861 861 861 861 861 861 861 861 861 862 862 862 862 863 863 863 863 863 863 863 863 863 863 864 864 864 864 864 864 865 865 865 865 865 865 865 865 865 865 866 866 866 866 866 866 866 866 866 867 867 867 867 867 867 867 867 867 867 868 868 868 868 868 868 868 868 868 868 868 869 869 869 869 869 869 869 869 869 869 869 869 870 870 870 870 870 870 870 870 870 870 870 870 870 870 870 871 871 871 871 871 871 871 872 872 872 873 873 873 873 873 873 873 873 873 873 873 874 874 874 874 874 874 874 874 874 875 875 875 875 875 875 875 875 875 875 876 876 876 876 876 876 876 876 876 877 877 877 877 877 877 877 877 877 877 877 878 878 878 878 878 878 878 878 879 879 879 879 879 879 880 880 880 880 880 880 880 881 881 881 881 881 881 882 882 882 882 882 882 882 882 882 882 882 882 883 883 883 883 883 883 883 883 883 883 884 884 884 884 884 884 884 884 884 884 884 884 884 884 885 885 885 885 885 885 885 885 886 886 886 886 886 886 886 886 886 886 886 886 886 887 887 887 887 887 887 887 887 888 888 888 888 888 888 888 889 889 889 889 889 889 889 889 889 889 889 889 889 890 890 890 890 890 891 891 891 891 891 891 891 891 891 891 891 891 892 892 892 892 892 892 892 892 892 892 893 893 893 893 893 893 893 893 893 894 894 894 894 894 894 894 894 894 894 894 894 895 895 895 896 896 896 896 896 896 896 897 897 897 897 897 897 897 897 897 897 897 897 897 898 898 898 898 898 898 898 899 899 899 899 899 899 899 899 900 900 900 900 900 900 901 901 901 901 901 901 901 901 901 901 902 902 902 902 902 902 902 902 902 902 902 902 902 903 903 903 903 903 903 903 903 903 904 904 904 904 904 905 905 905 905 906 906 906 906 906 906 906 906 906 906 907 907 907 907 907 907 907 907 907 907 907 907 908 908 908 908 908 908 908 908 908 908 909 909 909 909 909 909 909 910 910 910 910 910 910 910 910 911 911 911 911 911 911 911 911 912 912 912 912 912 912 912 912 913 913 913 913 913 913 913 913 913 913 913 913 913 914 914 914 914 914 914 914 914 914 914 914 915 915 915 915 915 916 916 916 916 916 916 916 916 916 916 916 917 917 917 917 917 917 917 917 918 918 918 918 918 918 918 918 918 918 918 919 919 919 919 919 919 919 920 920 920 920 920 920 920 920 920 920 921 921 921 921 921 921 921 921 921 921 922 922 922 922 922 923 923 923 923 923 923 923 923 923 923 924 924 924 924 924 924 924 924 924 924 924 924 924 924 924 925 925 925 925 925 925 925 925 925 925 926 926 926 926 926 926 926 926 926 926 926 926 926 927 927 927 927 927 927 928 928 928 928 928 928 928 928 928 929 929 929 929 929 929 929 929 930 930 930 930 930 930 930 930 930 930 931 931 931 931 931 931 931 931 931 931 931 932 932 932 932 932 932 933 933 933 933 933 933 933 933 933 933 934 934 934 934 934 934 934 934 935 935 935 935 935 935 935 935 935 936 936 936 936 936 936 936 936 936 936 936 936 936 936 936 936 937 937 937 937 937 937 937 937 938 938 938 938 938 938 939 939 939 939 939 939 939 939 939 939 939 940 940 940 940 940 940 941 941 941 941 941 941 941 941 942 942 942 942 942 942 942 942 942 942 943 943 943 943 943 943 943 943 943 943 943 944 944 944 944 944 944 944 944 944 944 944 944 944 944 945 945 945 945 945 945 945 945 945 946 946 946 946 946 946 946 946 946 946 946 946 946 947 947 947 947 947 947 947 947 947 947 947 947 947 947 947 948 948 948 948 948 948 948 948 948 949 949 949 949 949 949 949 949 949 949 949 949 949 950 950 950 950 950 950 950 950 951 951 951 951 951 952 952 952 952 952 952 952 952 952 953 953 953 953 953 954 954 954 954 954 954 954 954 954 954 954 955 955 955 955 955 955 955 955 955 955 955 955 955 956 956 956 956 956 956 956 956 956 956 956 956 956 957 957 957 957 957 957 957 957 958 958 958 958 958 958 959 959 959 959 959 959 959 959 959 959 959 959 959 959 960 960 960 960 960 960 960 960 961 961 961 961 961 961 961 961 962 962 962 962 962 962 962 962 962 963 963 963 963 963 963 963 963 963 963 963 964 964 964 964 964 965 965 965 965 965 965 965 965 965 965 966 966 966 966 966 966 966 967 967 967 967 967 967 967 967 967 967 967 967 967 967 967 968 968 968 968 968 968 968 968 968 968 968 968 969 969 969 969 969 969 969 969 970 970 970 970 970 970 970 970 970 970 971 971 971 971 971 971 971 971 971 971 972 972 972 972 972 972 972 972 972 972 973 973 973 973 973 973 973 973 973 973 973 973 974 974 974 974 974 975 975 975 975 975 975 975 975 975 975 975 976 976 976 976 976 976 976 976 976 976 976 977 977 977 977 977 977 977 977 977 978 978 978 978 978 978 978 978 978 979 979 979 979 979 979 979 979 979 979 979 980 980 980 980 980 980 980 980 980 980 980 980 980 980 980 980 981 981 981 981 981 981 982 982 982 982 982 982 982 982 982 982 982 982 983 983 983 983 983 983 983 983 983 983 983 983 984 984 984 984 984 984 984 984 984 985 985 985 985 985 985 985 985 985 985 985 985 985 985 985 985 985 986 986 986 986 986 986 986 986 986 987 987 987 987 987 987 987 987 987 988 988 988 988 988 988 988 988 988 988 988 988 988 989 989 989 989 989 989 989 989 989 989 990 990 990 990 990 990 990 991 991 991 991 991 991 991 991 991 991 991 991 991 991 991 991 991 992 992 992 992 992 992 992 992 992 992 992 992 992 993 993 993 993 994 994 994 994 994 994 994 994 994 994 994 994 994 994 995 995 995 995 995 995 996 996 996 996 996 996 996 996 997 997 997 997 997 997 998 998 998 998 998 998 998 998 998 999 999 999 999 999 999 999 999 999 1000 1000 1000 1000 1000 1000 1000 1000 1000 1000 1000 1000 1000

10000 element quicksort takes 0.002000s